Date,Province,Daily_Case,Daily_Death,Daily_Recovered,Active_Case,Cumulative_Case,Cumulative_Recovered,Cumulative_Death,Cumulative_Active_Case
01/01/2021,DKI JAKARTA,1956,20,1643,293,185654,166314,3270,16070
02/01/2021,DKI JAKARTA,1894,26,2280,-412,187548,168594,3296,15658
03/01/2021,DKI JAKARTA,1658,10,1691,-43,189206,170285,3306,15615
04/01/2021,DKI JAKARTA,1832,21,2527,-716,191038,172812,3327,14899
05/01/2021,DKI JAKARTA,1824,19,1339,466,192862,174151,3346,15365
06/01/2021,DKI JAKARTA,2402,16,1095,1291,195264,175246,3362,16656
07/01/2021,DKI JAKARTA,2398,21,1446,931,197662,176692,3383,17587
08/01/2021,DKI JAKARTA,2959,24,2690,245,200621,179382,3407,17832
09/01/2021,DKI JAKARTA,2753,27,2118,608,203374,181500,3434,18440
10/01/2021,DKI JAKARTA,2711,31,2898,-218,206085,184398,3465,18222
11/01/2021,DKI JAKARTA,2461,31,2510,-80,208546,186908,3496,18142
12/01/2021,DKI JAKARTA,2669,34,1657,978,211215,188565,3530,19120
13/01/2021,DKI JAKARTA,3476,45,2952,479,214691,191517,3575,19599
14/01/2021,DKI JAKARTA,3165,43,2075,1047,217856,193592,3618,20646
15/01/2021,DKI JAKARTA,2541,35,2490,16,220397,196082,3653,20662
16/01/2021,DKI JAKARTA,3536,32,1772,1732,223933,197854,3685,22394
17/01/2021,DKI JAKARTA,3395,33,3776,-414,227328,201630,3718,21980
18/01/2021,DKI JAKARTA,2361,36,2801,-476,229689,204431,3754,21504
19/01/2021,DKI JAKARTA,2563,40,2500,23,232252,206931,3794,21527
20/01/2021,DKI JAKARTA,3786,33,3770,-17,236038,210701,3827,21510
21/01/2021,DKI JAKARTA,3151,30,2570,551,239189,213271,3857,22061
22/01/2021,DKI JAKARTA,3792,41,2169,1582,242981,215440,3898,23643
23/01/2021,DKI JAKARTA,3285,31,3492,-238,246266,218932,3929,23405
24/01/2021,DKI JAKARTA,3512,39,2328,1145,249778,221260,3968,24550
25/01/2021,DKI JAKARTA,2451,43,2504,-96,252229,223764,4011,24454
26/01/2021,DKI JAKARTA,2313,46,2939,-672,254542,226703,4057,23782
27/01/2021,DKI JAKARTA,1836,34,2970,-1168,256378,229673,4091,22614
28/01/2021,DKI JAKARTA,2889,40,2731,118,259267,232404,4131,22732
29/01/2021,DKI JAKARTA,3448,44,2428,976,262715,234832,4175,23708
30/01/2021,DKI JAKARTA,3491,30,3566,-105,266206,238398,4205,23603
31/01/2021,DKI JAKARTA,3474,42,3355,77,269680,241753,4247,23680
01/02/2021,DKI JAKARTA,3614,45,2352,1217,273294,244105,4292,24897
02/02/2021,DKI JAKARTA,3362,44,4577,-1259,276656,248682,4336,23638
03/02/2021,DKI JAKARTA,3567,44,1391,2132,280223,250073,4380,25770
04/02/2021,DKI JAKARTA,3632,40,3963,-371,283855,254036,4420,25399
05/02/2021,DKI JAKARTA,3340,45,2475,820,287195,256511,4465,26219
06/02/2021,DKI JAKARTA,2379,44,4434,-2099,289574,260945,4509,24120
07/02/2021,DKI JAKARTA,4212,45,4305,-138,293786,265250,4554,23982
08/02/2021,DKI JAKARTA,3142,43,3417,-318,296928,268667,4597,23664
09/02/2021,DKI JAKARTA,3437,57,2786,594,300365,271453,4654,24258
10/02/2021,DKI JAKARTA,3308,43,3245,20,303673,274698,4697,24278
11/02/2021,DKI JAKARTA,2513,51,4097,-1635,306186,278795,4748,22643
12/02/2021,DKI JAKARTA,3807,50,5636,-1879,309993,284431,4798,20764
13/02/2021,DKI JAKARTA,3018,53,5010,-2045,313011,289441,4851,18719
14/02/2021,DKI JAKARTA,2497,48,3977,-1528,315508,293418,4899,17191
15/02/2021,DKI JAKARTA,1879,42,2081,-244,317387,295499,4941,16947
16/02/2021,DKI JAKARTA,1861,62,1580,219,319248,297079,5003,17166
17/02/2021,DKI JAKARTA,1446,31,2591,-1176,320694,299670,5034,15990
18/02/2021,DKI JAKARTA,373,35,2717,-2379,321067,302387,5069,13611
19/02/2021,DKI JAKARTA,1920,6,2759,-845,322987,305146,5075,12766
20/02/2021,DKI JAKARTA,2872,40,2490,342,325859,307636,5115,13108
21/02/2021,DKI JAKARTA,2725,55,2681,-11,328584,310317,5170,13097
22/02/2021,DKI JAKARTA,2466,40,2305,121,331050,312622,5210,13218
23/02/2021,DKI JAKARTA,782,45,2052,-1315,331832,314674,5255,11903
24/02/2021,DKI JAKARTA,782,35,1857,-1110,332614,316531,5290,10793
25/02/2021,DKI JAKARTA,1581,56,2656,-1131,334195,319187,5346,9662
26/02/2021,DKI JAKARTA,1662,42,1864,-244,335857,321051,5388,9418
27/02/2021,DKI JAKARTA,1736,44,1163,529,337593,322214,5432,9947
28/02/2021,DKI JAKARTA,2098,43,891,1164,339691,323105,5475,11111
01/03/2021,DKI JAKARTA,2058,52,3134,-1128,341749,326239,5527,9983
02/03/2021,DKI JAKARTA,577,36,2165,-1624,342326,328404,5563,8359
03/03/2021,DKI JAKARTA,1437,38,2487,-1088,343763,330891,5601,7271
04/03/2021,DKI JAKARTA,2009,46,1750,213,345772,332641,5647,7484
05/03/2021,DKI JAKARTA,1160,45,1290,-175,346932,333931,5692,7309
06/03/2021,DKI JAKARTA,1615,44,1568,3,348547,335499,5736,7312
07/03/2021,DKI JAKARTA,1835,45,1765,25,350382,337264,5781,7337
08/03/2021,DKI JAKARTA,1783,48,1675,60,352165,338939,5829,7397
09/03/2021,DKI JAKARTA,867,45,1643,-821,353032,340582,5874,6576
10/03/2021,DKI JAKARTA,1046,45,1477,-476,354078,342059,5919,6100
11/03/2021,DKI JAKARTA,1754,25,980,749,355832,343039,5944,6849
12/03/2021,DKI JAKARTA,1872,50,1263,559,357704,344302,5994,7408
13/03/2021,DKI JAKARTA,1034,10,577,447,358738,344879,6004,7855
14/03/2021,DKI JAKARTA,1204,36,2367,-1199,359942,347246,6040,6656
15/03/2021,DKI JAKARTA,1555,35,1676,-156,361497,348922,6075,6500
16/03/2021,DKI JAKARTA,835,20,1491,-676,362332,350413,6095,5824
17/03/2021,DKI JAKARTA,1330,3,1183,144,363662,351596,6098,5968
18/03/2021,DKI JAKARTA,1719,20,1168,531,365381,352764,6118,6499
19/03/2021,DKI JAKARTA,1588,24,1175,389,366969,353939,6142,6888
20/03/2021,DKI JAKARTA,1935,22,1184,729,368904,355123,6164,7617
21/03/2021,DKI JAKARTA,1638,23,1884,-269,370542,357007,6187,7348
22/03/2021,DKI JAKARTA,1474,8,1715,-249,372016,358722,6195,7099
23/03/2021,DKI JAKARTA,816,11,1691,-886,372832,360413,6206,6213
24/03/2021,DKI JAKARTA,890,11,1986,-1107,373722,362399,6217,5106
25/03/2021,DKI JAKARTA,1727,12,490,1225,375449,362889,6229,6331
26/03/2021,DKI JAKARTA,1381,11,897,473,376830,363786,6240,6804
27/03/2021,DKI JAKARTA,1354,18,599,737,378184,364385,6258,7541
28/03/2021,DKI JAKARTA,1470,23,1175,272,379654,365560,6281,7813
29/03/2021,DKI JAKARTA,1014,22,1079,-87,380668,366639,6303,7726
30/03/2021,DKI JAKARTA,384,21,1087,-724,381052,367726,6324,7002
31/03/2021,DKI JAKARTA,965,0,1073,-108,382017,368799,6324,6894
01/04/2021,DKI JAKARTA,1337,18,988,331,383354,369787,6342,7225
02/04/2021,DKI JAKARTA,1240,7,1292,-59,384594,371079,6349,7166
03/04/2021,DKI JAKARTA,1098,4,600,494,385692,371679,6353,7660
04/04/2021,DKI JAKARTA,736,6,1600,-870,386428,373279,6359,6790
05/04/2021,DKI JAKARTA,523,4,1187,-668,386951,374466,6363,6122
06/04/2021,DKI JAKARTA,487,4,587,-104,387438,375053,6367,6018
07/04/2021,DKI JAKARTA,862,9,695,158,388300,375748,6376,6176
08/04/2021,DKI JAKARTA,1239,4,485,750,389539,376233,6380,6926
09/04/2021,DKI JAKARTA,1013,10,623,380,390552,376856,6390,7306
10/04/2021,DKI JAKARTA,977,7,856,114,391529,377712,6397,7420
11/04/2021,DKI JAKARTA,1031,7,1396,-372,392560,379108,6404,7048
12/04/2021,DKI JAKARTA,692,7,1357,-672,393252,380465,6411,6376
13/04/2021,DKI JAKARTA,828,6,900,-78,394080,381365,6417,6298
14/04/2021,DKI JAKARTA,661,7,614,40,394741,381979,6424,6338
15/04/2021,DKI JAKARTA,1330,6,690,634,396071,382669,6430,6972
16/04/2021,DKI JAKARTA,980,18,872,90,397051,383541,6448,7062
17/04/2021,DKI JAKARTA,1037,18,999,20,398088,384540,6466,7082
18/04/2021,DKI JAKARTA,950,13,987,-50,399038,385527,6479,7032
19/04/2021,DKI JAKARTA,973,14,971,-12,400011,386498,6493,7020
20/04/2021,DKI JAKARTA,460,14,897,-451,400471,387395,6507,6569
21/04/2021,DKI JAKARTA,602,12,573,17,401073,387968,6519,6586
22/04/2021,DKI JAKARTA,1266,11,652,603,402339,388620,6530,7189
23/04/2021,DKI JAKARTA,884,18,721,145,403223,389341,6548,7334
24/04/2021,DKI JAKARTA,907,12,885,10,404130,390226,6560,7344
25/04/2021,DKI JAKARTA,896,14,962,-80,405026,391188,6574,7264
26/04/2021,DKI JAKARTA,748,14,1339,-605,405774,392527,6588,6659
27/04/2021,DKI JAKARTA,394,17,600,-223,406168,393127,6605,6436
28/04/2021,DKI JAKARTA,639,14,682,-57,406807,393809,6619,6379
29/04/2021,DKI JAKARTA,987,23,480,484,407794,394289,6642,6863
30/04/2021,DKI JAKARTA,789,4,539,246,408583,394828,6646,7109
01/05/2021,DKI JAKARTA,926,15,793,118,409509,395621,6661,7227
02/05/2021,DKI JAKARTA,854,10,984,-140,410363,396605,6671,7087
01/01/2021,JAWA BARAT,1504,3,1205,296,85083,71909,1168,12006
02/01/2021,JAWA BARAT,1167,1,914,252,86250,72823,1169,12258
03/01/2021,JAWA BARAT,1232,2,1114,116,87482,73937,1171,12374
04/01/2021,JAWA BARAT,1079,2,1041,36,88561,74978,1173,12410
05/01/2021,JAWA BARAT,1100,8,1081,11,89661,76059,1181,12421
06/01/2021,JAWA BARAT,1470,11,1362,97,91131,77421,1192,12518
07/01/2021,JAWA BARAT,1416,2,1203,211,92547,78624,1194,12729
08/01/2021,JAWA BARAT,1824,4,911,909,94371,79535,1198,13638
09/01/2021,JAWA BARAT,1731,6,1176,549,96102,80711,1204,14187
10/01/2021,JAWA BARAT,1467,8,949,510,97569,81660,1212,14697
11/01/2021,JAWA BARAT,1475,11,1059,405,99044,82719,1223,15102
12/01/2021,JAWA BARAT,1540,15,965,560,100584,83684,1238,15662
13/01/2021,JAWA BARAT,1755,11,1059,685,102339,84743,1249,16347
14/01/2021,JAWA BARAT,2202,11,1348,843,104541,86091,1260,17190
15/01/2021,JAWA BARAT,3095,27,1091,1977,107636,87182,1287,19167
16/01/2021,JAWA BARAT,3460,42,2142,1276,111096,89324,1329,20443
17/01/2021,JAWA BARAT,1491,11,1581,-101,112587,90905,1340,20342
18/01/2021,JAWA BARAT,1486,28,1624,-166,114073,92529,1368,20176
19/01/2021,JAWA BARAT,1684,24,1362,298,115757,93891,1392,20474
20/01/2021,JAWA BARAT,1814,13,1489,312,117571,95380,1405,20786
21/01/2021,JAWA BARAT,1228,73,1593,-438,118799,96973,1478,20348
22/01/2021,JAWA BARAT,2441,8,1360,1073,121240,98333,1486,21421
23/01/2021,JAWA BARAT,1809,16,2116,-323,123049,100449,1502,21098
24/01/2021,JAWA BARAT,2328,8,1766,554,125377,102215,1510,21652
25/01/2021,JAWA BARAT,2022,2,1232,788,127399,103447,1512,22440
26/01/2021,JAWA BARAT,3925,13,2247,1665,131324,105694,1525,24105
27/01/2021,JAWA BARAT,3198,105,1796,1297,134522,107490,1630,25402
28/01/2021,JAWA BARAT,4534,163,2288,2083,139056,109778,1793,27485
29/01/2021,JAWA BARAT,3834,5,2235,1594,142890,112013,1798,29079
30/01/2021,JAWA BARAT,4601,28,2661,1912,147491,114674,1826,30991
31/01/2021,JAWA BARAT,2848,62,2459,327,150339,117133,1888,31318
01/02/2021,JAWA BARAT,2969,5,2544,420,153308,119677,1893,31738
02/02/2021,JAWA BARAT,2068,78,2308,-318,155376,121985,1971,31420
03/02/2021,JAWA BARAT,2241,10,1892,339,157617,123877,1981,31759
04/02/2021,JAWA BARAT,2020,17,2361,-358,159637,126238,1998,31401
05/02/2021,JAWA BARAT,2117,28,2674,-585,161754,128912,2026,30816
06/02/2021,JAWA BARAT,3971,4,3114,853,165725,132026,2030,31669
07/02/2021,JAWA BARAT,1987,2,2085,-100,167712,134111,2032,31569
08/02/2021,JAWA BARAT,1498,12,3219,-1733,169210,137330,2044,29836
09/02/2021,JAWA BARAT,776,17,2127,-1368,169986,139457,2061,28468
10/02/2021,JAWA BARAT,661,16,1059,-414,170647,140516,2077,28054
11/02/2021,JAWA BARAT,1060,18,1127,-85,171707,141643,2095,27969
12/02/2021,JAWA BARAT,683,5,1582,-904,172390,143225,2100,27065
13/02/2021,JAWA BARAT,1736,2,2483,-749,174126,145708,2102,26316
14/02/2021,JAWA BARAT,881,6,1687,-812,175007,147395,2108,25504
15/02/2021,JAWA BARAT,947,5,1266,-324,175954,148661,2113,25180
16/02/2021,JAWA BARAT,4032,14,2100,1918,179986,150761,2127,27098
17/02/2021,JAWA BARAT,4333,3,2703,1627,184319,153464,2130,28725
18/02/2021,JAWA BARAT,4210,9,3344,857,188529,156808,2139,29582
19/02/2021,JAWA BARAT,3846,25,2553,1268,192375,159361,2164,30850
20/02/2021,JAWA BARAT,974,5,1528,-559,193349,160889,2169,30291
21/02/2021,JAWA BARAT,1021,4,1623,-606,194370,162512,2173,29685
22/02/2021,JAWA BARAT,3812,16,2831,965,198182,165343,2189,30650
23/02/2021,JAWA BARAT,4334,23,2048,2263,202516,167391,2212,32913
24/02/2021,JAWA BARAT,2192,7,1376,809,204708,168767,2219,33722
25/02/2021,JAWA BARAT,2544,73,1086,1385,207252,169853,2292,35107
26/02/2021,JAWA BARAT,2314,7,867,1440,209566,170720,2299,36547
27/02/2021,JAWA BARAT,876,5,651,220,210442,171371,2304,36767
28/02/2021,JAWA BARAT,771,51,535,185,211213,171906,2355,36952
01/03/2021,JAWA BARAT,1662,4,1692,-34,212875,173598,2359,36918
02/03/2021,JAWA BARAT,1654,49,2236,-631,214529,175834,2408,36287
03/03/2021,JAWA BARAT,1895,49,2257,-411,216424,178091,2457,35876
04/03/2021,JAWA BARAT,1731,45,1191,495,218155,179282,2502,36371
05/03/2021,JAWA BARAT,1785,7,1686,92,219940,180968,2509,36463
06/03/2021,JAWA BARAT,1094,1,1325,-232,221034,182293,2510,36231
07/03/2021,JAWA BARAT,1365,2,538,825,222399,182831,2512,37056
08/03/2021,JAWA BARAT,1739,72,1942,-275,224138,184773,2584,36781
09/03/2021,JAWA BARAT,1787,50,1005,732,225925,185778,2634,37513
10/03/2021,JAWA BARAT,1570,24,1245,301,227495,187023,2658,37814
11/03/2021,JAWA BARAT,781,6,4212,-3437,228276,191235,2664,34377
12/03/2021,JAWA BARAT,1357,43,2499,-1185,229633,193734,2707,33192
13/03/2021,JAWA BARAT,925,2,1587,-664,230558,195321,2709,32528
14/03/2021,JAWA BARAT,1133,6,944,183,231691,196265,2715,32711
15/03/2021,JAWA BARAT,1334,20,1572,-258,233025,197837,2735,32453
16/03/2021,JAWA BARAT,1617,35,2142,-560,234642,199979,2770,31893
17/03/2021,JAWA BARAT,1347,36,4157,-2846,235989,204136,2806,29047
18/03/2021,JAWA BARAT,1261,44,1189,28,237250,205325,2850,29075
19/03/2021,JAWA BARAT,1361,34,957,370,238611,206282,2884,29445
20/03/2021,JAWA BARAT,822,7,1712,-897,239433,207994,2891,28548
21/03/2021,JAWA BARAT,517,21,1325,-829,239950,209319,2912,27719
22/03/2021,JAWA BARAT,1253,48,1062,143,241203,210381,2960,27862
23/03/2021,JAWA BARAT,1216,41,1392,-217,242419,211773,3001,27645
24/03/2021,JAWA BARAT,1329,7,2469,-1147,243748,214242,3008,26498
25/03/2021,JAWA BARAT,1172,12,1146,14,244920,215388,3020,26512
26/03/2021,JAWA BARAT,855,1,1495,-641,245775,216883,3021,25871
27/03/2021,JAWA BARAT,476,102,1183,-809,246251,218066,3123,25062
28/03/2021,JAWA BARAT,534,7,839,-312,246785,218905,3130,24750
29/03/2021,JAWA BARAT,1610,6,1370,234,248395,220275,3136,24984
30/03/2021,JAWA BARAT,911,8,1042,-139,249306,221317,3144,24845
31/03/2021,JAWA BARAT,975,6,723,246,250281,222040,3150,25091
01/04/2021,JAWA BARAT,904,75,1157,-328,251185,223197,3225,24763
02/04/2021,JAWA BARAT,661,5,482,174,251846,223679,3230,24937
03/04/2021,JAWA BARAT,360,5,389,-34,252206,224068,3235,24903
04/04/2021,JAWA BARAT,338,4,294,40,252544,224362,3239,24943
05/04/2021,JAWA BARAT,910,5,692,213,253454,225054,3244,25156
06/04/2021,JAWA BARAT,964,69,653,242,254418,225707,3313,25398
07/04/2021,JAWA BARAT,811,2,726,83,255229,226433,3315,25481
08/04/2021,JAWA BARAT,673,13,1182,-522,255902,227615,3328,24959
09/04/2021,JAWA BARAT,931,22,452,457,256833,228067,3350,25416
10/04/2021,JAWA BARAT,997,7,477,513,257830,228544,3357,25929
11/04/2021,JAWA BARAT,747,5,665,77,258577,229209,3362,26006
12/04/2021,JAWA BARAT,1470,25,362,1083,260047,229571,3387,27089
13/04/2021,JAWA BARAT,1456,23,1116,317,261503,230687,3410,27406
14/04/2021,JAWA BARAT,1568,17,637,914,263071,231324,3427,28320
15/04/2021,JAWA BARAT,1216,42,1351,-177,264287,232675,3469,28143
16/04/2021,JAWA BARAT,998,5,612,381,265285,233287,3474,28524
17/04/2021,JAWA BARAT,832,9,696,127,266117,233983,3483,28651
18/04/2021,JAWA BARAT,769,9,407,353,266886,234390,3492,29004
19/04/2021,JAWA BARAT,1422,8,854,560,268308,235244,3500,29564
20/04/2021,JAWA BARAT,1399,15,649,735,269707,235893,3515,30299
21/04/2021,JAWA BARAT,1004,44,2308,-1348,270711,238201,3559,28951
22/04/2021,JAWA BARAT,1358,28,1338,-8,272069,239539,3587,28943
23/04/2021,JAWA BARAT,1066,23,1031,12,273135,240570,3610,28955
24/04/2021,JAWA BARAT,630,23,990,-383,273765,241560,3633,28572
25/04/2021,JAWA BARAT,683,7,397,279,274448,241957,3640,28851
26/04/2021,JAWA BARAT,1941,16,835,1090,276389,242792,3656,29941
27/04/2021,JAWA BARAT,1164,17,845,302,277553,243637,3673,30243
28/04/2021,JAWA BARAT,1354,14,1032,308,278907,244669,3687,30551
29/04/2021,JAWA BARAT,1119,25,1146,-52,280026,245815,3712,30499
30/04/2021,JAWA BARAT,1179,29,1178,-28,281205,246993,3741,30471
01/05/2021,JAWA BARAT,754,5,760,-11,281959,247753,3746,30460
02/05/2021,JAWA BARAT,672,7,482,183,282631,248235,3753,30643
02/01/2021,JAWA TIMUR,763,71,677,15,86037,76359,6536,3142
03/01/2021,JAWA TIMUR,570,49,535,-14,86607,76894,6585,3128
04/01/2021,JAWA TIMUR,673,49,501,123,87280,77395,6634,3251
05/01/2021,JAWA TIMUR,675,61,501,113,87955,77896,6695,3364
06/01/2021,JAWA TIMUR,800,51,906,-157,88755,78802,6746,3207
07/01/2021,JAWA TIMUR,879,82,561,236,89634,79363,6828,3443
08/01/2021,JAWA TIMUR,977,69,625,283,90611,79988,6897,3726
09/01/2021,JAWA TIMUR,1015,50,591,374,91626,80579,6947,4100
10/01/2021,JAWA TIMUR,946,55,818,73,92572,81397,7002,4173
11/01/2021,JAWA TIMUR,844,46,485,313,93416,81882,7048,4486
12/01/2021,JAWA TIMUR,832,68,726,38,94248,82608,7116,4524
13/01/2021,JAWA TIMUR,885,75,883,-73,95133,83491,7191,4451
14/01/2021,JAWA TIMUR,1007,66,766,175,96140,84257,7257,4626
15/01/2021,JAWA TIMUR,1256,69,788,399,97396,85045,7326,5025
16/01/2021,JAWA TIMUR,1219,47,708,464,98615,85753,7373,5489
17/01/2021,JAWA TIMUR,906,50,766,90,99521,86519,7423,5579
18/01/2021,JAWA TIMUR,863,39,705,119,100384,87224,7462,5698
19/01/2021,JAWA TIMUR,946,52,675,219,101330,87899,7514,5917
20/01/2021,JAWA TIMUR,940,59,700,181,102270,88599,7573,6098
21/01/2021,JAWA TIMUR,1122,52,914,156,103392,89513,7625,6254
22/01/2021,JAWA TIMUR,1046,52,813,181,104438,90326,7677,6435
23/01/2021,JAWA TIMUR,935,33,887,15,105373,91213,7710,6450
24/01/2021,JAWA TIMUR,895,44,765,86,106268,91978,7754,6536
25/01/2021,JAWA TIMUR,890,35,726,129,107158,92704,7789,6665
26/01/2021,JAWA TIMUR,933,56,744,133,108091,93448,7845,6798
27/01/2021,JAWA TIMUR,1089,44,770,275,109180,94218,7889,7073
28/01/2021,JAWA TIMUR,1035,44,753,238,110215,94971,7933,7311
29/01/2021,JAWA TIMUR,997,33,933,31,111212,95904,7966,7342
30/01/2021,JAWA TIMUR,854,38,804,12,112066,96708,8004,7354
31/01/2021,JAWA TIMUR,851,33,710,108,112917,97418,8037,7462
01/02/2021,JAWA TIMUR,669,36,929,-296,113586,98347,8073,7166
02/02/2021,JAWA TIMUR,809,50,919,-160,114395,99266,8123,7006
03/02/2021,JAWA TIMUR,719,64,662,-7,115114,99928,8187,6999
04/02/2021,JAWA TIMUR,595,57,874,-336,115709,100802,8244,6663
05/02/2021,JAWA TIMUR,753,61,836,-144,116462,101638,8305,6519
06/02/2021,JAWA TIMUR,693,61,678,-46,117155,102316,8366,6473
07/02/2021,JAWA TIMUR,569,31,697,-159,117724,103013,8397,6314
08/02/2021,JAWA TIMUR,666,26,753,-113,118390,103766,8423,6201
09/02/2021,JAWA TIMUR,447,25,349,73,118837,104115,8448,6274
10/02/2021,JAWA TIMUR,605,21,386,198,119442,104501,8469,6472
11/02/2021,JAWA TIMUR,1052,46,456,550,120494,104957,8515,7022
12/02/2021,JAWA TIMUR,778,92,560,126,121272,105517,8607,7148
13/02/2021,JAWA TIMUR,559,31,490,38,121831,106007,8638,7186
14/02/2021,JAWA TIMUR,516,37,395,84,122347,106402,8675,7270
15/02/2021,JAWA TIMUR,432,36,474,-78,122779,106876,8711,7192
16/02/2021,JAWA TIMUR,473,16,287,170,123252,107163,8727,7362
17/02/2021,JAWA TIMUR,579,13,264,302,123831,107427,8740,7664
18/02/2021,JAWA TIMUR,559,21,385,153,124390,107812,8761,7817
19/02/2021,JAWA TIMUR,571,23,635,-87,124961,108447,8784,7730
20/02/2021,JAWA TIMUR,625,30,555,40,125586,109002,8814,7770
21/02/2021,JAWA TIMUR,446,26,525,-105,126032,109527,8840,7665
22/02/2021,JAWA TIMUR,434,42,631,-239,126466,110158,8882,7426
23/02/2021,JAWA TIMUR,546,35,492,19,127012,110650,8917,7445
24/02/2021,JAWA TIMUR,580,30,697,-147,127592,111347,8947,7298
25/02/2021,JAWA TIMUR,556,37,561,-42,128148,111908,8984,7256
26/02/2021,JAWA TIMUR,543,20,600,-77,128691,112508,9004,7179
27/02/2021,JAWA TIMUR,445,20,444,-19,129136,112952,9024,7160
28/02/2021,JAWA TIMUR,324,26,555,-257,129460,113507,9050,6903
01/03/2021,JAWA TIMUR,341,21,421,-101,129801,113928,9071,6802
02/03/2021,JAWA TIMUR,412,20,653,-261,130213,114581,9091,6541
03/03/2021,JAWA TIMUR,430,25,481,-76,130643,115062,9116,6465
04/03/2021,JAWA TIMUR,404,20,440,-56,131047,115502,9136,6409
05/03/2021,JAWA TIMUR,404,16,447,-59,131451,115949,9152,6350
06/03/2021,JAWA TIMUR,393,24,467,-98,131844,116416,9176,6252
07/03/2021,JAWA TIMUR,328,16,380,-68,132172,116796,9192,6184
08/03/2021,JAWA TIMUR,328,23,410,-105,132500,117206,9215,6079
09/03/2021,JAWA TIMUR,391,22,433,-64,132891,117639,9237,6015
10/03/2021,JAWA TIMUR,400,18,481,-99,133291,118120,9255,5916
11/03/2021,JAWA TIMUR,341,16,384,-59,133632,118504,9271,5857
12/03/2021,JAWA TIMUR,339,15,419,-95,133971,118923,9286,5762
13/03/2021,JAWA TIMUR,346,18,362,-34,134317,119285,9304,5728
14/03/2021,JAWA TIMUR,278,14,214,50,134595,119499,9318,5778
15/03/2021,JAWA TIMUR,257,20,293,-56,134852,119792,9338,5722
16/03/2021,JAWA TIMUR,291,24,248,19,135143,120040,9362,5741
17/03/2021,JAWA TIMUR,321,88,1007,-774,135464,121047,9450,4967
18/03/2021,JAWA TIMUR,339,39,819,-519,135803,121866,9489,4448
19/03/2021,JAWA TIMUR,305,46,357,-98,136108,122223,9535,4350
20/03/2021,JAWA TIMUR,289,74,332,-117,136397,122555,9609,4233
21/03/2021,JAWA TIMUR,292,20,462,-190,136689,123017,9629,4043
22/03/2021,JAWA TIMUR,270,28,322,-80,136959,123339,9657,3963
23/03/2021,JAWA TIMUR,238,27,376,-165,137197,123715,9684,3798
24/03/2021,JAWA TIMUR,289,23,564,-298,137486,124279,9707,3500
25/03/2021,JAWA TIMUR,348,21,345,-18,137834,124624,9728,3482
26/03/2021,JAWA TIMUR,340,25,404,-89,138174,125028,9753,3393
27/03/2021,JAWA TIMUR,275,17,452,-194,138449,125480,9770,3199
28/03/2021,JAWA TIMUR,266,19,339,-92,138715,125819,9789,3107
29/03/2021,JAWA TIMUR,251,30,813,-592,138966,126632,9819,2515
30/03/2021,JAWA TIMUR,279,31,494,-246,139245,127126,9850,2269
31/03/2021,JAWA TIMUR,301,36,273,-8,139546,127399,9886,2261
01/04/2021,JAWA TIMUR,281,24,233,24,139827,127632,9910,2285
02/04/2021,JAWA TIMUR,274,25,228,21,140101,127860,9935,2306
03/04/2021,JAWA TIMUR,230,20,220,-10,140331,128080,9955,2296
04/04/2021,JAWA TIMUR,221,21,196,4,140552,128276,9976,2300
05/04/2021,JAWA TIMUR,230,30,233,-33,140782,128509,10006,2267
06/04/2021,JAWA TIMUR,295,25,215,55,141077,128724,10031,2322
07/04/2021,JAWA TIMUR,346,45,370,-69,141423,129094,10076,2253
08/04/2021,JAWA TIMUR,297,25,219,53,141720,129313,10101,2306
09/04/2021,JAWA TIMUR,308,19,249,40,142028,129562,10120,2346
10/04/2021,JAWA TIMUR,277,28,225,24,142305,129787,10148,2370
11/04/2021,JAWA TIMUR,249,23,344,-118,142554,130131,10171,2252
12/04/2021,JAWA TIMUR,251,34,251,-34,142805,130382,10205,2218
13/04/2021,JAWA TIMUR,249,32,223,-6,143054,130605,10237,2212
14/04/2021,JAWA TIMUR,262,23,279,-40,143316,130884,10260,2172
15/04/2021,JAWA TIMUR,294,27,228,39,143610,131112,10287,2211
16/04/2021,JAWA TIMUR,290,22,307,-39,143900,131419,10309,2172
17/04/2021,JAWA TIMUR,285,26,250,9,144185,131669,10335,2181
18/04/2021,JAWA TIMUR,241,19,224,-2,144426,131893,10354,2179
19/04/2021,JAWA TIMUR,253,30,235,-12,144679,132128,10384,2167
20/04/2021,JAWA TIMUR,258,35,212,11,144937,132340,10419,2178
21/04/2021,JAWA TIMUR,303,28,229,46,145240,132569,10447,2224
22/04/2021,JAWA TIMUR,291,25,233,33,145531,132802,10472,2257
23/04/2021,JAWA TIMUR,300,28,262,10,145831,133064,10500,2267
24/04/2021,JAWA TIMUR,257,18,303,-64,146088,133367,10518,2203
25/04/2021,JAWA TIMUR,236,20,216,0,146324,133583,10538,2203
26/04/2021,JAWA TIMUR,247,23,263,-39,146571,133846,10561,2164
27/04/2021,JAWA TIMUR,237,26,245,-34,146808,134091,10587,2130
28/04/2021,JAWA TIMUR,297,23,260,14,147105,134351,10610,2144
29/04/2021,JAWA TIMUR,325,25,253,47,147430,134604,10635,2191
30/04/2021,JAWA TIMUR,316,22,265,29,147746,134869,10657,2220
01/05/2021,JAWA TIMUR,231,21,202,8,147977,135071,10678,2228
02/05/2021,JAWA TIMUR,206,28,208,-30,148183,135279,10706,2198
